0 0 0
0 0 0
0 0 0
0 1 0
0 0 0
0 0 0
0 0 0
0 0 0
0 0 0
0 0 1
0 0 0
0 0 0
0 0 0
0 0 0
0 0 0
0 1 0
0 0 0
0 0 0
0 0 0
0 0 0
0 0 0
0 0 0
0 0 0
0 0 0
0 0 0
0 0 1
0 0 0
0 1 0
0 0 0
0 0 0
0 0 0
0 0 0
0 0 0
0 1 0
0 0 0
0 0 0
0 0 0
0 0 0
0 0 0
0 0 0
0 0 0
0 0 0
0 0 0
0 0 0
0 0 0
0 0 0
0 0 0
0 0 0
0 0 0
0 0 0
1000 1 1
1000 1 1
1000 1 1
1000 1 1
1000 1 0
1000 1 1
1000 1 1
1000 1 1
1000 1 1
1000 1 1
1000 1 1
1000 1 1
1000 1 0
1000 1 1
1000 1 0
1000 1 1
1000 1 0
1000 1 0
1000 1 1
1000 1 1
1000 1 1
1000 1 1
1000 1 0
1000 1 0
1000 1 0
1000 1 1
1000 1 0
1000 1 0
1000 1 0
1000 1 1
1000 1 0
1000 1 1
1000 1 1
1000 1 1
1000 1 0
1000 1 1
1000 1 0
1000 1 0
1000 1 0
1000 1 1
1000 1 1
1000 1 1
1000 1 1
1000 1 1
1000 1 0
1000 1 1
1000 1 0
1000 1 0
1000 1 1
1000 1 1
2000 1 0
2000 1 0
2000 1 0
2000 1 0
2000 1 0
2000 1 1
2000 1 0
2000 1 0
2000 1 0
2000 1 1
2000 1 0
2000 1 1
2000 1 1
2000 1 1
2000 1 0
2000 1 0
2000 1 0
2000 1 0
2000 1 1
2000 1 1
2000 1 1
2000 1 1
2000 1 1
2000 1 1
2000 1 1
2000 1 1
2000 1 0
2000 1 1
2000 1 0
2000 1 1
2000 1 1
2000 1 1
2000 1 0
2000 1 1
2000 1 0
2000 1 0
2000 1 0
2000 1 1
2000 1 0
2000 1 0
2000 1 0
2000 1 0
2000 1 0
2000 1 1
2000 1 0
2000 1 1
2000 1 0
2000 1 1
2000 1 1
2000 1 1
3000 1 0
3000 1 1
3000 1 0
3000 1 0
3000 1 0
3000 1 1
3000 1 0
3000 1 1
3000 1 0
3000 1 1
3000 1 0
3000 1 1
3000 1 0
3000 1 0
3000 1 0
3000 1 0
3000 1 0
3000 1 0
3000 1 0
3000 1 0
3000 1 0
3000 1 1
3000 1 0
3000 1 1
3000 1 0
3000 1 1
3000 1 0
3000 1 1
3000 1 0
3000 1 1
3000 1 0
3000 1 0
3000 1 0
3000 1 1
3000 1 0
3000 1 0
3000 1 0
3000 1 1
3000 1 0
3000 1 0
3000 1 1
3000 1 1
3000 1 0
3000 1 1
3000 1 0
3000 1 1
3000 1 0
3000 1 1
3000 1 1
3000 1 1
4000 1 0
4000 1 0
4000 1 1
4000 1 1
4000 1 1
4000 1 1
4000 1 0
4000 1 1
4000 1 1
4000 1 1
4000 1 0
4000 1 0
4000 1 0
4000 1 0
4000 1 1
4000 1 1
4000 1 0
4000 1 0
4000 1 0
4000 1 1
4000 1 0
4000 1 0
4000 1 0
4000 1 1
4000 1 1
4000 1 1
4000 1 0
4000 1 1
4000 1 0
4000 1 1
4000 1 1
4000 1 1
4000 1 1
4000 1 1
4000 1 0
4000 1 1
4000 1 0
4000 1 1
4000 1 1
4000 1 1
4000 1 0
4000 1 1
4000 1 0
4000 1 1
4000 1 0
4000 1 1
4000 1 0
4000 1 1
4000 1 0
4000 1 1
5000 1 1
5000 1 1
5000 1 0
5000 1 1
5000 1 0
5000 1 1
5000 1 0
5000 1 1
5000 1 1
5000 1 1
5000 1 0
5000 1 1
5000 1 0
5000 1 1
5000 1 1
5000 1 1
5000 1 0
5000 1 1
5000 1 1
5000 1 1
5000 1 0
5000 1 1
5000 1 0
5000 1 0
5000 1 0
5000 1 1
5000 1 1
5000 1 1
5000 1 0
5000 1 1
5000 1 0
5000 1 1
5000 1 0
5000 1 1
5000 1 1
5000 1 1
5000 1 1
5000 1 1
5000 1 0
5000 1 1
5000 1 0
5000 1 1
5000 1 1
5000 1 1
5000 1 0
5000 1 1
5000 1 0
5000 1 1
5000 1 0
5000 1 1
6000 1 1
6000 1 1
6000 1 1
6000 1 1
6000 1 0
6000 1 1
6000 1 1
6000 1 1
6000 1 0
6000 1 1
6000 1 0
6000 1 1
6000 1 0
6000 1 1
6000 1 1
6000 1 1
6000 1 0
6000 1 0
6000 1 1
6000 1 1
6000 1 1
6000 1 1
6000 1 0
6000 1 0
6000 1 0
6000 1 0
6000 1 0
6000 1 1
6000 1 0
6000 1 1
6000 1 0
6000 1 1
6000 1 1
6000 1 1
6000 1 0
6000 1 1
6000 1 0
6000 1 1
6000 1 0
6000 1 1
6000 1 1
6000 1 1
6000 1 0
6000 1 0
6000 1 1
6000 1 1
6000 1 1
6000 1 1
6000 1 1
6000 1 1
7000 1 0
7000 1 0
7000 1 0
7000 1 0
7000 1 1
7000 1 1
7000 1 0
7000 1 1
7000 1 1
7000 1 1
7000 1 0
7000 1 1
7000 1 0
7000 1 0
7000 1 1
7000 1 1
7000 1 0
7000 1 0
7000 1 0
7000 1 0
7000 1 0
7000 1 1
7000 1 1
7000 1 1
7000 1 0
7000 1 1
7000 1 0
7000 1 1
7000 1 0
7000 1 1
7000 1 0
7000 1 1
7000 1 1
7000 1 1
7000 1 0
7000 1 1
7000 1 1
7000 1 1
7000 1 0
7000 1 1
7000 1 0
7000 1 1
7000 1 1
7000 1 1
7000 1 0
7000 1 0
7000 1 1
7000 1 1
7000 1 0
7000 1 1
8000 1 0
8000 1 1
8000 1 0
8000 1 1
8000 1 0
8000 1 1
8000 1 0
8000 1 0
8000 1 0
8000 1 1
8000 1 0
8000 1 1
8000 1 1
8000 1 1
8000 1 1
8000 1 1
8000 1 0
8000 1 0
8000 1 0
8000 1 1
8000 1 1
8000 1 1
8000 1 0
8000 1 1
8000 1 1
8000 1 1
8000 1 1
8000 1 1
8000 1 0
8000 1 1
8000 1 0
8000 1 0
8000 1 0
8000 1 1
8000 1 0
8000 1 1
8000 1 1
8000 1 1
8000 1 0
8000 1 1
8000 1 1
8000 1 1
8000 1 0
8000 1 0
8000 1 1
8000 1 1
8000 1 0
8000 1 1
8000 1 0
8000 1 0
9000 1 0
9000 1 0
9000 1 0
9000 1 1
9000 1 0
9000 1 0
9000 1 1
9000 1 1
9000 1 0
9000 1 1
9000 1 0
9000 1 1
9000 1 0
9000 1 1
9000 1 1
9000 1 1
9000 1 0
9000 1 1
9000 1 0
9000 1 1
9000 1 0
9000 1 1
9000 1 1
9000 1 1
9000 1 1
9000 1 1
9000 1 1
9000 1 1
9000 1 1
9000 1 1
9000 1 0
9000 1 1
9000 1 0
9000 1 0
9000 1 0
9000 1 1
9000 1 0
9000 1 0
9000 1 1
9000 1 1
9000 1 1
9000 1 1
9000 1 1
9000 1 1
9000 1 0
9000 1 0
9000 1 1
9000 1 1
9000 1 1
9000 1 1
10000 1 1
10000 1 1
10000 1 0
10000 1 0
10000 1 0
10000 1 0
10000 1 0
10000 1 1
10000 1 0
10000 1 0
10000 1 0
10000 1 1
10000 1 0
10000 1 1
10000 1 0
10000 1 1
10000 1 0
10000 1 0
10000 1 0
10000 1 1
10000 1 0
10000 1 0
10000 1 0
10000 1 1
10000 1 1
10000 1 1
10000 1 1
10000 1 1
10000 1 0
10000 1 1
10000 1 0
10000 1 1
10000 1 0
10000 1 1
10000 1 0
10000 1 1
10000 1 0
10000 1 0
10000 1 1
10000 1 1
10000 1 0
10000 1 1
10000 1 0
10000 1 1
10000 1 0
10000 1 1
10000 1 1
10000 1 1
10000 1 0
10000 1 1
